[12, 15]	272399
[12, 16]	332165
[12, 17]	339569
[12, 18]	338921
[12, 21]	301939
[12, 24]	273759
[12, 25]	257882
[12, 27]	283580
[12, 28]	270164
[12, 29]	298680
[12, 31]	317536
[12, 41]	264239
[12, 43]	290899
[12]	339601
[15, 16]	267037
[15, 17]	272887
[15, 18]	271948
[15, 31]	257417
[15]	272918
[16, 17]	332382
[16, 18]	331648
[16, 21]	295351
[16, 24]	267887
[16, 27]	277963
[16, 28]	263284
[16, 29]	291958
[16, 31]	312204
[16, 41]	259507
[16, 43]	285220
[16]	332414
[17, 18]	339063
[17, 21]	302415
[17, 24]	274190
[17, 25]	258408
[17, 27]	284008
[17, 28]	270537
[17, 29]	299159
[17, 31]	317988
[17, 41]	264572
[17, 43]	291366
[17]	340151
[18, 21]	301478
[18, 24]	273333
[18, 25]	257502
[18, 27]	283186
[18, 28]	269629
[18, 29]	298197
[18, 31]	317103
[18, 41]	263796
[18, 43]	290493
[18]	339095
[21, 27]	272438
[21, 29]	268665
[21, 31]	284154
[21, 43]	258402
[21]	302446
[24, 31]	257123
[24]	274213
[25]	258434
[27, 31]	266632
[27]	284036
[28, 31]	256653
[28]	270565
[29, 31]	279681
[29, 43]	256190
[29]	299191
[31, 41]	255404
[31, 43]	273126
[31]	318014
[41]	264597
[43]	291396
