12
12 15
12 15 16
12 15 16 17
12 15 16 17 18
12 15 16 17 18 31
12 15 16 17 31
12 15 16 18
12 15 16 18 31
12 15 16 31
12 15 17
12 15 17 18
12 15 17 18 31
12 15 17 31
12 15 18
12 15 18 31
12 15 31
12 16
12 16 17
12 16 17 18
12 16 17 18 21
12 16 17 18 21 27
12 16 17 18 21 27 31
12 16 17 18 21 29
12 16 17 18 21 31
12 16 17 18 21 43
12 16 17 18 24
12 16 17 18 24 31
12 16 17 18 25
12 16 17 18 27
12 16 17 18 27 31
12 16 17 18 28
12 16 17 18 28 31
12 16 17 18 29
12 16 17 18 29 31
12 16 17 18 31
12 16 17 18 31 43
12 16 17 18 31 441
12 16 17 18 335
12 16 17 18 41
12 16 17 18 43
12 16 17 18 437
12 16 17 18 441
12 16 17 18 66
12 16 17 21
12 16 17 21 27
12 16 17 21 27 31
12 16 17 21 29
12 16 17 21 31
12 16 17 21 43
12 16 17 24
12 16 17 24 31
12 16 17 25
12 16 17 27
12 16 17 27 31
12 16 17 28
12 16 17 28 31
12 16 17 29
12 16 17 29 31
12 16 17 29 43
12 16 17 31
12 16 17 31 43
12 16 17 31 441
12 16 17 335
12 16 17 41
12 16 17 43
12 16 17 437
12 16 17 441
12 16 17 66
12 16 18
12 16 18 21
12 16 18 21 27
12 16 18 21 27 31
12 16 18 21 29
12 16 18 21 31
12 16 18 21 43
12 16 18 24
12 16 18 24 31
12 16 18 25
12 16 18 27
12 16 18 27 31
12 16 18 28
12 16 18 28 31
12 16 18 29
12 16 18 29 31
12 16 18 31
12 16 18 31 43
12 16 18 31 441
12 16 18 335
12 16 18 41
12 16 18 43
12 16 18 437
12 16 18 441
12 16 18 66
12 16 21
12 16 21 27
12 16 21 27 31
12 16 21 29
12 16 21 31
12 16 21 43
12 16 24
12 16 24 31
12 16 25
12 16 27
12 16 27 31
12 16 28
12 16 28 31
12 16 29
12 16 29 31
12 16 29 43
12 16 31
12 16 31 43
12 16 31 441
12 16 335
12 16 41
12 16 43
12 16 437
12 16 441
12 16 66
12 17
12 17 18
12 17 18 21
12 17 18 21 27
12 17 18 21 27 31
12 17 18 21 29
12 17 18 21 29 31
12 17 18 21 31
12 17 18 21 43
12 17 18 24
12 17 18 24 31
12 17 18 25
12 17 18 27
12 17 18 27 29
12 17 18 27 31
12 17 18 28
12 17 18 28 31
12 17 18 29
12 17 18 29 31
12 17 18 29 43
12 17 18 31
12 17 18 31 41
12 17 18 31 43
12 17 18 31 441
12 17 18 335
12 17 18 335 441
12 17 18 41
12 17 18 43
12 17 18 437
12 17 18 441
12 17 18 66
12 17 21
12 17 21 27
12 17 21 27 31
12 17 21 29
12 17 21 29 31
12 17 21 31
12 17 21 43
12 17 21 441
12 17 24
12 17 24 31
12 17 25
12 17 27
12 17 27 29
12 17 27 31
12 17 28
12 17 28 31
12 17 29
12 17 29 31
12 17 29 43
12 17 31
12 17 31 41
12 17 31 43
12 17 31 441
12 17 335
12 17 335 441
12 17 41
12 17 43
12 17 437
12 17 441
12 17 66
12 18
12 18 21
12 18 21 27
12 18 21 27 31
12 18 21 29
12 18 21 29 31
12 18 21 31
12 18 21 43
12 18 24
12 18 24 31
12 18 25
12 18 27
12 18 27 29
12 18 27 31
12 18 28
12 18 28 31
12 18 29
12 18 29 31
12 18 29 43
12 18 31
12 18 31 41
12 18 31 43
12 18 31 441
12 18 335
12 18 335 441
12 18 41
12 18 43
12 18 437
12 18 441
12 18 66
12 21
12 21 27
12 21 27 31
12 21 29
12 21 29 31
12 21 31
12 21 43
12 21 441
12 24
12 24 31
12 25
12 27
12 27 29
12 27 31
12 28
12 28 31
12 29
12 29 31
12 29 43
12 31
12 31 41
12 31 43
12 31 441
12 335
12 335 441
12 41
12 43
12 437
12 441
12 66
15
15 16
15 16 17
15 16 17 18
15 16 17 18 31
15 16 17 31
15 16 18
15 16 18 31
15 16 31
15 17
15 17 18
15 17 18 31
15 17 31
15 18
15 18 31
15 31
16
16 17
16 17 18
16 17 18 21
16 17 18 21 27
16 17 18 21 27 31
16 17 18 21 29
16 17 18 21 31
16 17 18 21 43
16 17 18 24
16 17 18 24 31
16 17 18 25
16 17 18 27
16 17 18 27 31
16 17 18 28
16 17 18 28 31
16 17 18 29
16 17 18 29 31
16 17 18 31
16 17 18 31 43
16 17 18 31 441
16 17 18 335
16 17 18 41
16 17 18 43
16 17 18 437
16 17 18 441
16 17 18 66
16 17 21
16 17 21 27
16 17 21 27 31
16 17 21 29
16 17 21 31
16 17 21 43
16 17 24
16 17 24 31
16 17 25
16 17 27
16 17 27 31
16 17 28
16 17 28 31
16 17 29
16 17 29 31
16 17 29 43
16 17 31
16 17 31 43
16 17 31 441
16 17 335
16 17 41
16 17 43
16 17 437
16 17 441
16 17 66
16 18
16 18 21
16 18 21 27
16 18 21 27 31
16 18 21 29
16 18 21 31
16 18 21 43
16 18 24
16 18 24 31
16 18 25
16 18 27
16 18 27 31
16 18 28
16 18 28 31
16 18 29
16 18 29 31
16 18 31
16 18 31 43
16 18 31 441
16 18 335
16 18 41
16 18 43
16 18 437
16 18 441
16 18 66
16 21
16 21 27
16 21 27 31
16 21 29
16 21 31
16 21 43
16 24
16 24 31
16 25
16 27
16 27 31
16 28
16 28 31
16 29
16 29 31
16 29 43
16 31
16 31 43
16 31 441
16 335
16 41
16 43
16 437
16 441
16 66
17
17 18
17 18 21
17 18 21 27
17 18 21 27 31
17 18 21 29
17 18 21 29 31
17 18 21 31
17 18 21 43
17 18 24
17 18 24 31
17 18 25
17 18 27
17 18 27 29
17 18 27 31
17 18 28
17 18 28 31
17 18 29
17 18 29 31
17 18 29 43
17 18 31
17 18 31 41
17 18 31 43
17 18 31 441
17 18 335
17 18 335 441
17 18 41
17 18 43
17 18 437
17 18 441
17 18 66
17 21
17 21 27
17 21 27 31
17 21 29
17 21 29 31
17 21 31
17 21 43
17 21 441
17 24
17 24 31
17 25
17 27
17 27 29
17 27 31
17 28
17 28 31
17 29
17 29 31
17 29 43
17 31
17 31 41
17 31 43
17 31 441
17 335
17 335 441
17 41
17 416
17 43
17 437
17 441
17 66
18
18 21
18 21 27
18 21 27 31
18 21 29
18 21 29 31
18 21 31
18 21 43
18 24
18 24 31
18 25
18 27
18 27 29
18 27 31
18 28
18 28 31
18 29
18 29 31
18 29 43
18 31
18 31 41
18 31 43
18 31 441
18 335
18 335 441
18 41
18 43
18 437
18 441
18 66
21
21 27
21 27 31
21 29
21 29 31
21 31
21 43
21 441
24
24 31
25
27
27 29
27 31
28
28 31
29
29 31
29 43
31
31 41
31 43
31 441
335
335 441
41
416
43
437
441
66
8
8 12
8 12 17
8 17
